# This file was generated by Animated Java via MC-Build. It is not recommended to edit this file directly.
$data merge entity $(bone_right_leg) {transformation: [-0.9887f,0.0751f,0.13f,-0.1187f,0.0868f,0.9924f,0.0872f,0.75f,-0.1225f,0.0975f,-0.9877f,0f,0f,0f,0f,1f],start_interpolation: 0,interpolation_duration: 1}
$data merge entity $(bone_left_leg) {transformation: [-0.9726f,-0.0965f,0.2116f,0.1188f,-0.1036f,0.9944f,-0.0229f,0.75f,-0.2082f,-0.0442f,-0.9771f,0f,0f,0f,0f,1f],start_interpolation: 0,interpolation_duration: 1}
$data merge entity $(bone_body) {transformation: [-1f,0f,0f,0f,0f,0.9397f,0.342f,1.1024f,0f,0.342f,-0.9397f,0.1283f,0f,0f,0f,1f],start_interpolation: 0,interpolation_duration: 1}
$data merge entity $(bone_left_arm) {transformation: [-1f,0f,0f,0.3125f,0f,0.6428f,-0.766f,1.3373f,0f,-0.766f,-0.6428f,0.2138f,0f,0f,0f,1f],start_interpolation: 0,interpolation_duration: 1}
$data merge entity $(bone_right_arm) {transformation: [-0.999f,-0.0436f,0f,-0.3125f,-0.0266f,0.6082f,-0.7934f,1.3373f,0.0346f,-0.7926f,-0.6088f,0.2138f,0f,0f,0f,1f],start_interpolation: 0,interpolation_duration: 1}
$data merge entity $(bone_cone) {transformation: [-0.9763f,0f,0.2164f,0f,0.056f,0.9659f,0.2527f,1.8513f,-0.2091f,0.2588f,-0.943f,0.4414f,0f,0f,0f,1f],start_interpolation: 0,interpolation_duration: 1}
$data merge entity $(bone_bucket) {transformation: [-1f,0f,0f,0f,0f,0.9063f,0.4226f,1.4548f,0f,0.4226f,-0.9063f,0.2565f,0f,0f,0f,1f],start_interpolation: 0,interpolation_duration: 1}
$data merge entity $(bone_head) {transformation: [-1f,0f,0f,0f,0f,0.9063f,0.4226f,1.4548f,0f,0.4226f,-0.9063f,0.2565f,0f,0f,0f,1f],start_interpolation: 0,interpolation_duration: 1}