# This file was generated by Animated Java via MC-Build. It is not recommended to edit this file directly.
$data merge entity $(bone_body) {transformation: [-1f,0f,0f,0f,0f,0.9182f,0.3961f,1.0943f,0f,0.3961f,-0.9182f,0.1485f,0f,0f,0f,1f],start_interpolation: 0,interpolation_duration: 1}
$data merge entity $(bone_left_arm) {transformation: [-0.9983f,-0.0581f,0.0035f,0.3125f,-0.04f,0.6425f,-0.7653f,1.3239f,0.0422f,-0.7641f,-0.6437f,0.2475f,0f,0f,0f,1f],start_interpolation: 0,interpolation_duration: 1}
$data merge entity $(bone_right_arm) {transformation: [-0.9999f,0.0145f,-0.0007f,-0.3125f,0.0096f,0.6209f,-0.7838f,1.3239f,-0.011f,-0.7837f,-0.621f,0.2475f,0f,0f,0f,1f],start_interpolation: 0,interpolation_duration: 1}
$data merge entity $(bone_cone) {transformation: [-0.9763f,0f,0.2164f,0f,0.0971f,0.8936f,0.4382f,1.7896f,-0.1934f,0.4488f,-0.8724f,0.5583f,0f,0f,0f,1f],start_interpolation: 0,interpolation_duration: 1}
$data merge entity $(bone_bucket) {transformation: [-1f,0f,0f,0f,0f,0.8021f,0.5972f,1.4387f,0f,0.5972f,-0.8021f,0.2971f,0f,0f,0f,1f],start_interpolation: 0,interpolation_duration: 1}
$data merge entity $(bone_head) {transformation: [-1f,0f,0f,0f,0f,0.8021f,0.5972f,1.4387f,0f,0.5972f,-0.8021f,0.2971f,0f,0f,0f,1f],start_interpolation: 0,interpolation_duration: 1}