# This file was generated by Animated Java via MC-Build. It is not recommended to edit this file directly.
$data merge entity $(bone_body) {transformation: [-1f,0f,0f,0f,0f,0.8936f,0.4488f,1.0851f,0f,0.4488f,-0.8936f,0.1683f,0f,0f,0f,1f],start_interpolation: 0,interpolation_duration: 1}
$data merge entity $(bone_left_arm) {transformation: [-0.9932f,-0.1153f,0.0136f,0.3125f,-0.0846f,0.6387f,-0.7648f,1.3085f,0.0795f,-0.7607f,-0.6442f,0.2805f,0f,0f,0f,1f],start_interpolation: 0,interpolation_duration: 1}
$data merge entity $(bone_right_arm) {transformation: [-0.9974f,0.0724f,-0.0064f,-0.3125f,0.0507f,0.6305f,-0.7745f,1.3085f,-0.0521f,-0.7728f,-0.6325f,0.2805f,0f,0f,0f,1f],start_interpolation: 0,interpolation_duration: 1}
$data merge entity $(bone_cone) {transformation: [-0.9763f,0f,0.2164f,0f,0.1342f,0.7844f,0.6055f,1.7111f,-0.1698f,0.6202f,-0.7658f,0.6634f,0f,0f,0f,1f],start_interpolation: 0,interpolation_duration: 1}
$data merge entity $(bone_bucket) {transformation: [-1f,0f,0f,0f,0f,0.6648f,0.747f,1.4202f,0f,0.747f,-0.6648f,0.3366f,0f,0f,0f,1f],start_interpolation: 0,interpolation_duration: 1}
$data merge entity $(bone_head) {transformation: [-1f,0f,0f,0f,0f,0.6648f,0.747f,1.4202f,0f,0.747f,-0.6648f,0.3366f,0f,0f,0f,1f],start_interpolation: 0,interpolation_duration: 1}