# This file was generated by Animated Java via MC-Build. It is not recommended to edit this file directly.
$data merge entity $(bone_body) {transformation: [-1f,0f,0f,0f,0f,0.866f,0.5f,1.0748f,0f,0.5f,-0.866f,0.1875f,0f,0f,0f,1f],start_interpolation: 0,interpolation_duration: 1}
$data merge entity $(bone_left_arm) {transformation: [-0.9848f,-0.171f,0.0302f,0.3125f,-0.133f,0.6313f,-0.764f,1.2913f,0.1116f,-0.7564f,-0.6445f,0.3125f,0f,0f,0f,1f],start_interpolation: 0,interpolation_duration: 1}
$data merge entity $(bone_right_arm) {transformation: [-0.9914f,0.1294f,-0.017f,-0.3125f,0.0962f,0.6365f,-0.7652f,1.2913f,-0.0882f,-0.7603f,-0.6435f,0.3125f,0f,0f,0f,1f],start_interpolation: 0,interpolation_duration: 1}
$data merge entity $(bone_cone) {transformation: [-0.9763f,0f,0.2164f,0f,0.1658f,0.6428f,0.7479f,1.6183f,-0.1391f,0.766f,-0.6276f,0.7539f,0f,0f,0f,1f],start_interpolation: 0,interpolation_duration: 1}
$data merge entity $(bone_bucket) {transformation: [-1f,0f,0f,0f,0f,0.5f,0.866f,1.3995f,0f,0.866f,-0.5f,0.375f,0f,0f,0f,1f],start_interpolation: 0,interpolation_duration: 1}
$data merge entity $(bone_head) {transformation: [-1f,0f,0f,0f,0f,0.5f,0.866f,1.3995f,0f,0.866f,-0.5f,0.375f,0f,0f,0f,1f],start_interpolation: 0,interpolation_duration: 1}