# This file was generated by Animated Java via MC-Build. It is not recommended to edit this file directly.
$data merge entity $(bone_right_leg) {transformation: [-1f,0f,0f,-0.1187f,0f,0.9848f,0.1736f,0.75f,0f,0.1736f,-0.9848f,-0.125f,0f,0f,0f,1f],start_interpolation: 0,interpolation_duration: 1}
$data merge entity $(bone_left_leg) {transformation: [-1f,0f,0f,0.1187f,0f,0.9848f,-0.1736f,0.7188f,0f,-0.1736f,-0.9848f,0.1875f,0f,0f,0f,1f],start_interpolation: 0,interpolation_duration: 1}
$data merge entity $(bone_body) {transformation: [-0.766f,0f,0.6428f,0f,0.056f,0.9962f,0.0668f,1.1236f,-0.6403f,0.0872f,-0.7631f,0.0327f,0f,0f,0f,1f],start_interpolation: 0,interpolation_duration: 1}
$data merge entity $(bone_left_arm) {transformation: [-0.8334f,-0.1426f,0.5339f,0.2394f,-0.0198f,0.9732f,0.2289f,1.3551f,-0.5523f,0.1802f,-0.8139f,0.2546f,0f,0f,0f,1f],start_interpolation: 0,interpolation_duration: 1}
$data merge entity $(bone_right_arm) {transformation: [-0.866f,0.1913f,0.4619f,-0.2394f,0.0436f,0.9492f,-0.3115f,1.3901f,-0.4981f,-0.2496f,-0.8304f,-0.1456f,0f,0f,0f,1f],start_interpolation: 0,interpolation_duration: 1}
$data merge entity $(bone_cone) {transformation: [-0.8445f,0.0594f,0.5322f,0f,0.0091f,0.9953f,-0.0966f,1.933f,-0.5355f,-0.0767f,-0.8411f,0.1035f,0f,0f,0f,1f],start_interpolation: 0,interpolation_duration: 1}
$data merge entity $(bone_bucket) {transformation: [-0.9397f,0f,0.342f,0f,0.0298f,0.9962f,0.0819f,1.4971f,-0.3407f,0.0872f,-0.9361f,0.0654f,0f,0f,0f,1f],start_interpolation: 0,interpolation_duration: 1}
$data merge entity $(bone_head) {transformation: [-0.9397f,0f,0.342f,0f,0.0298f,0.9962f,0.0819f,1.4971f,-0.3407f,0.0872f,-0.9361f,0.0654f,0f,0f,0f,1f],start_interpolation: 0,interpolation_duration: 1}