# This file was generated by Animated Java via MC-Build. It is not recommended to edit this file directly.
$data merge entity $(bone_right_leg) {transformation: [-1f,0f,0f,-0.1187f,0f,0.9829f,0.1844f,0.75f,0f,0.1844f,-0.9829f,-0.1156f,0f,0f,0f,1f],start_interpolation: 0,interpolation_duration: 1}
$data merge entity $(bone_left_leg) {transformation: [-1f,0f,0f,0.1187f,0f,0.9877f,-0.1564f,0.7188f,0f,-0.1564f,-0.9877f,0.175f,0f,0f,0f,1f],start_interpolation: 0,interpolation_duration: 1}
$data merge entity $(bone_body) {transformation: [-0.788f,0.0002f,0.6157f,0.0001f,0.0547f,0.9961f,0.0697f,1.1235f,-0.6133f,0.0886f,-0.7849f,0.0332f,0f,0f,0f,1f],start_interpolation: 0,interpolation_duration: 1}
$data merge entity $(bone_left_arm) {transformation: [-0.8432f,-0.1332f,0.5209f,0.2464f,-0.0212f,0.9763f,0.2153f,1.3554f,-0.5372f,0.1704f,-0.826f,0.247f,0f,0f,0f,1f],start_interpolation: 0,interpolation_duration: 1}
$data merge entity $(bone_right_arm) {transformation: [-0.8747f,0.174f,0.4524f,-0.2461f,0.0447f,0.9583f,-0.2823f,1.3896f,-0.4827f,-0.2267f,-0.846f,-0.1363f,0f,0f,0f,1f],start_interpolation: 0,interpolation_duration: 1}
$data merge entity $(bone_cone) {transformation: [-0.8537f,0.0568f,0.5177f,0.0003f,0.0088f,0.9955f,-0.0947f,1.9328f,-0.5207f,-0.0763f,-0.8503f,0.1052f,0f,0f,0f,1f],start_interpolation: 0,interpolation_duration: 1}
$data merge entity $(bone_bucket) {transformation: [-0.9455f,0.0002f,0.3256f,0.0002f,0.0291f,0.9961f,0.0837f,1.4971f,-0.3243f,0.0886f,-0.9418f,0.0664f,0f,0f,0f,1f],start_interpolation: 0,interpolation_duration: 1}
$data merge entity $(bone_head) {transformation: [-0.9455f,0.0002f,0.3256f,0.0002f,0.0291f,0.9961f,0.0837f,1.4971f,-0.3243f,0.0886f,-0.9418f,0.0664f,0f,0f,0f,1f],start_interpolation: 0,interpolation_duration: 1}