# This file was generated by Animated Java via MC-Build. It is not recommended to edit this file directly.
$data merge entity $(bone_right_leg) {transformation: [-1f,0f,0f,-0.1187f,0f,0.9665f,0.2567f,0.75f,0f,0.2567f,-0.9665f,-0.0219f,0f,0f,0f,1f],start_interpolation: 0,interpolation_duration: 1}
$data merge entity $(bone_left_leg) {transformation: [-1f,0f,0f,0.1188f,0f,0.9998f,0.0175f,0.7188f,0f,0.0175f,-0.9998f,0.05f,0f,0f,0f,1f],start_interpolation: 0,interpolation_duration: 1}
$data merge entity $(bone_body) {transformation: [-0.951f,0.0022f,0.3092f,0.0008f,0.0313f,0.9956f,0.0889f,1.1233f,-0.3077f,0.0942f,-0.9468f,0.0353f,0f,0f,0f,1f],start_interpolation: 0,interpolation_duration: 1}
$data merge entity $(bone_left_arm) {transformation: [-0.9251f,-0.0647f,0.3743f,0.2986f,-0.0411f,0.9967f,0.0707f,1.3625f,-0.3776f,0.0501f,-0.9246f,0.155f,0f,0f,0f,1f],start_interpolation: 0,interpolation_duration: 1}
$data merge entity $(bone_right_arm) {transformation: [-0.9458f,0.0439f,0.3219f,-0.2958f,0.0494f,0.9987f,0.0091f,1.382f,-0.3211f,0.0245f,-0.9467f,-0.0373f,0f,0f,0f,1f],start_interpolation: 0,interpolation_duration: 1}
$data merge entity $(bone_cone) {transformation: [-0.9309f,0.0294f,0.364f,0.0027f,-0.0011f,0.9965f,-0.0833f,1.9322f,-0.3652f,-0.078f,-0.9277f,0.1119f,0f,0f,0f,1f],start_interpolation: 0,interpolation_duration: 1}
$data merge entity $(bone_bucket) {transformation: [-0.9877f,0.0022f,0.1567f,0.0017f,0.017f,0.9956f,0.0927f,1.4967f,-0.1557f,0.0942f,-0.9833f,0.0707f,0f,0f,0f,1f],start_interpolation: 0,interpolation_duration: 1}
$data merge entity $(bone_head) {transformation: [-0.9877f,0.0022f,0.1567f,0.0017f,0.017f,0.9956f,0.0927f,1.4967f,-0.1557f,0.0942f,-0.9833f,0.0707f,0f,0f,0f,1f],start_interpolation: 0,interpolation_duration: 1}