# This file was generated by Animated Java via MC-Build. It is not recommended to edit this file directly.
$data merge entity $(bone_right_leg) {transformation: [-1f,0f,0f,-0.1187f,0f,0.9977f,0.0676f,0.75f,0f,0.0676f,-0.9977f,0.0531f,0f,0f,0f,1f],start_interpolation: 0,interpolation_duration: 1}
$data merge entity $(bone_left_leg) {transformation: [-1f,0f,0f,0.1188f,0f,0.9877f,0.1564f,0.7188f,0f,0.1564f,-0.9877f,-0.05f,0f,0f,0f,1f],start_interpolation: 0,interpolation_duration: 1}
$data merge entity $(bone_body) {transformation: [-0.9994f,0.0006f,0.0349f,0.0002f,0.0036f,0.9961f,0.0883f,1.1235f,-0.0347f,0.0884f,-0.9955f,0.0332f,0f,0f,0f,1f],start_interpolation: 0,interpolation_duration: 1}
$data merge entity $(bone_left_arm) {transformation: [-0.9686f,-0.0479f,0.244f,0.3127f,-0.0629f,0.9966f,-0.054f,1.3714f,-0.2406f,-0.0676f,-0.9683f,0.0661f,0f,0f,0f,1f],start_interpolation: 0,interpolation_duration: 1}
$data merge entity $(bone_right_arm) {transformation: [-0.9817f,0.0014f,0.1906f,-0.312f,0.0458f,0.9724f,0.2288f,1.3737f,-0.185f,0.2334f,-0.9546f,0.0444f,0f,0f,0f,1f],start_interpolation: 0,interpolation_duration: 1}
$data merge entity $(bone_cone) {transformation: [-0.9724f,0.0036f,0.2331f,0.0007f,-0.0165f,0.9963f,-0.0843f,1.9328f,-0.2326f,-0.0859f,-0.9688f,0.105f,0f,0f,0f,1f],start_interpolation: 0,interpolation_duration: 1}
$data merge entity $(bone_bucket) {transformation: [-0.9998f,0.0006f,0.0175f,0.0004f,0.0021f,0.9961f,0.0884f,1.4971f,-0.0174f,0.0884f,-0.9959f,0.0663f,0f,0f,0f,1f],start_interpolation: 0,interpolation_duration: 1}
$data merge entity $(bone_head) {transformation: [-0.9998f,0.0006f,0.0175f,0.0004f,0.0021f,0.9961f,0.0884f,1.4971f,-0.0174f,0.0884f,-0.9959f,0.0663f,0f,0f,0f,1f],start_interpolation: 0,interpolation_duration: 1}