# This file was generated by Animated Java via MC-Build. It is not recommended to edit this file directly.
$data merge entity $(bone_right_leg) {transformation: [-1f,0f,0f,-0.1187f,0f,0.999f,0.0436f,0.75f,0f,0.0436f,-0.999f,0.0625f,0f,0f,0f,1f],start_interpolation: 0,interpolation_duration: 1}
$data merge entity $(bone_left_leg) {transformation: [-1f,0f,0f,0.1188f,0f,0.9848f,0.1736f,0.7188f,0f,0.1736f,-0.9848f,-0.0625f,0f,0f,0f,1f],start_interpolation: 0,interpolation_duration: 1}
$data merge entity $(bone_body) {transformation: [-1f,0f,0f,0f,0f,0.9962f,0.0872f,1.1236f,0f,0.0872f,-0.9962f,0.0327f,0f,0f,0f,1f],start_interpolation: 0,interpolation_duration: 1}
$data merge entity $(bone_left_arm) {transformation: [-0.9726f,-0.0484f,0.2275f,0.3125f,-0.0659f,0.9954f,-0.07f,1.3726f,-0.223f,-0.0831f,-0.9713f,0.0545f,0f,0f,0f,1f],start_interpolation: 0,interpolation_duration: 1}
$data merge entity $(bone_right_arm) {transformation: [-0.9848f,0f,0.1736f,-0.3125f,0.0449f,0.9659f,0.2549f,1.3726f,-0.1677f,0.2588f,-0.9513f,0.0545f,0f,0f,0f,1f],start_interpolation: 0,interpolation_duration: 1}
$data merge entity $(bone_cone) {transformation: [-0.9763f,0f,0.2164f,0f,-0.0189f,0.9962f,-0.0851f,1.933f,-0.2156f,-0.0872f,-0.9726f,0.1035f,0f,0f,0f,1f],start_interpolation: 0,interpolation_duration: 1}
$data merge entity $(bone_bucket) {transformation: [-1f,0f,0f,0f,0f,0.9962f,0.0872f,1.4971f,0f,0.0872f,-0.9962f,0.0654f,0f,0f,0f,1f],start_interpolation: 0,interpolation_duration: 1}
$data merge entity $(bone_head) {transformation: [-1f,0f,0f,0f,0f,0.9962f,0.0872f,1.4971f,0f,0.0872f,-0.9962f,0.0654f,0f,0f,0f,1f],start_interpolation: 0,interpolation_duration: 1}