# This file was generated by Animated Java via MC-Build. It is not recommended to edit this file directly.
$data merge entity $(bone_left_leg) {transformation: [-1f,0f,0f,0.1188f,0f,0.9816f,0.1908f,0.7188f,0f,0.1908f,-0.9816f,-0.0375f,0f,0f,0f,1f],start_interpolation: 0,interpolation_duration: 1}
$data merge entity $(bone_body) {transformation: [-0.9976f,0.001f,0.0698f,0.0004f,0.0073f,0.996f,0.0893f,1.1235f,-0.0694f,0.0896f,-0.9936f,0.0336f,0f,0f,0f,1f],start_interpolation: 0,interpolation_duration: 1}
$data merge entity $(bone_left_arm) {transformation: [-0.9643f,-0.048f,0.2605f,0.3124f,-0.06f,0.9975f,-0.038f,1.3702f,-0.2581f,-0.0523f,-0.9647f,0.0777f,0f,0f,0f,1f],start_interpolation: 0,interpolation_duration: 1}
$data merge entity $(bone_right_arm) {transformation: [-0.9782f,0.0037f,0.2075f,-0.3111f,0.0466f,0.9782f,0.2024f,1.3748f,-0.2022f,0.2077f,-0.9571f,0.0343f,0f,0f,0f,1f],start_interpolation: 0,interpolation_duration: 1}
$data merge entity $(bone_cone) {transformation: [-0.9683f,0.0071f,0.2497f,0.0012f,-0.0143f,0.9964f,-0.0837f,1.9327f,-0.2494f,-0.0846f,-0.9647f,0.1064f,0f,0f,0f,1f],start_interpolation: 0,interpolation_duration: 1}
$data merge entity $(bone_bucket) {transformation: [-0.9994f,0.001f,0.035f,0.0008f,0.0042f,0.996f,0.0895f,1.497f,-0.0347f,0.0896f,-0.9954f,0.0672f,0f,0f,0f,1f],start_interpolation: 0,interpolation_duration: 1}
$data merge entity $(bone_head) {transformation: [-0.9994f,0.001f,0.035f,0.0008f,0.0042f,0.996f,0.0895f,1.497f,-0.0347f,0.0896f,-0.9954f,0.0672f,0f,0f,0f,1f],start_interpolation: 0,interpolation_duration: 1}