# This file was generated by Animated Java via MC-Build. It is not recommended to edit this file directly.
$data merge entity $(bone_left_leg) {transformation: [-1f,0f,0f,0.1188f,0f,0.9799f,0.1994f,0.7188f,0f,0.1994f,-0.9799f,-0.025f,0f,0f,0f,1f],start_interpolation: 0,interpolation_duration: 1}
$data merge entity $(bone_body) {transformation: [-0.9945f,0.0014f,0.1046f,0.0005f,0.0109f,0.9959f,0.09f,1.1235f,-0.1041f,0.0906f,-0.9904f,0.034f,0f,0f,0f,1f],start_interpolation: 0,interpolation_duration: 1}
$data merge entity $(bone_left_arm) {transformation: [-0.9596f,-0.0487f,0.277f,0.3117f,-0.0571f,0.9981f,-0.0221f,1.369f,-0.2754f,-0.037f,-0.9606f,0.0891f,0f,0f,0f,1f],start_interpolation: 0,interpolation_duration: 1}
$data merge entity $(bone_right_arm) {transformation: [-0.9745f,0.0068f,0.2243f,-0.3099f,0.0473f,0.9833f,0.1757f,1.3758f,-0.2194f,0.1818f,-0.9585f,0.0241f,0f,0f,0f,1f],start_interpolation: 0,interpolation_duration: 1}
$data merge entity $(bone_cone) {transformation: [-0.9638f,0.0105f,0.2663f,0.0017f,-0.0121f,0.9965f,-0.0832f,1.9326f,-0.2662f,-0.0835f,-0.9603f,0.1076f,0f,0f,0f,1f],start_interpolation: 0,interpolation_duration: 1}
$data merge entity $(bone_bucket) {transformation: [-0.9986f,0.0014f,0.0524f,0.0011f,0.0062f,0.9959f,0.0904f,1.4969f,-0.0521f,0.0906f,-0.9945f,0.068f,0f,0f,0f,1f],start_interpolation: 0,interpolation_duration: 1}
$data merge entity $(bone_head) {transformation: [-0.9986f,0.0014f,0.0524f,0.0011f,0.0062f,0.9959f,0.0904f,1.4969f,-0.0521f,0.0906f,-0.9945f,0.068f,0f,0f,0f,1f],start_interpolation: 0,interpolation_duration: 1}