# This file was generated by Animated Java via MC-Build. It is not recommended to edit this file directly.
$data merge entity $(bone_left_leg) {transformation: [-1f,0f,0f,0.1188f,0f,0.9781f,0.2079f,0.7188f,0f,0.2079f,-0.9781f,-0.0125f,0f,0f,0f,1f],start_interpolation: 0,interpolation_duration: 1}
$data merge entity $(bone_body) {transformation: [-0.9903f,0.0017f,0.1393f,0.0007f,0.0145f,0.9958f,0.0904f,1.1234f,-0.1385f,0.0915f,-0.9861f,0.0343f,0f,0f,0f,1f],start_interpolation: 0,interpolation_duration: 1}
$data merge entity $(bone_left_arm) {transformation: [-0.9547f,-0.05f,0.2935f,0.3105f,-0.0542f,0.9985f,-0.0064f,1.3679f,-0.2927f,-0.022f,-0.9559f,0.1005f,0f,0f,0f,1f],start_interpolation: 0,interpolation_duration: 1}
$data merge entity $(bone_right_arm) {transformation: [-0.9704f,0.0108f,0.2411f,-0.3084f,0.0479f,0.9877f,0.1486f,1.3769f,-0.2365f,0.1558f,-0.9591f,0.0139f,0f,0f,0f,1f],start_interpolation: 0,interpolation_duration: 1}
$data merge entity $(bone_cone) {transformation: [-0.9591f,0.0138f,0.2828f,0.0021f,-0.0101f,0.9965f,-0.0829f,1.9325f,-0.283f,-0.0824f,-0.9556f,0.1087f,0f,0f,0f,1f],start_interpolation: 0,interpolation_duration: 1}
$data merge entity $(bone_bucket) {transformation: [-0.9976f,0.0017f,0.0699f,0.0013f,0.0081f,0.9958f,0.0912f,1.4969f,-0.0694f,0.0915f,-0.9934f,0.0686f,0f,0f,0f,1f],start_interpolation: 0,interpolation_duration: 1}
$data merge entity $(bone_head) {transformation: [-0.9976f,0.0017f,0.0699f,0.0013f,0.0081f,0.9958f,0.0912f,1.4969f,-0.0694f,0.0915f,-0.9934f,0.0686f,0f,0f,0f,1f],start_interpolation: 0,interpolation_duration: 1}