# This file was generated by Animated Java via MC-Build. It is not recommended to edit this file directly.
$data merge entity $(bone_left_leg) {transformation: [-1f,0f,0f,0.1188f,0f,0.9763f,0.2164f,0.7188f,0f,0.2164f,-0.9763f,0f,0f,0f,0f,1f],start_interpolation: 0,interpolation_duration: 1}
$data merge entity $(bone_body) {transformation: [-0.9848f,0.002f,0.1738f,0.0007f,0.018f,0.9957f,0.0906f,1.1234f,-0.1729f,0.0923f,-0.9806f,0.0346f,0f,0f,0f,1f],start_interpolation: 0,interpolation_duration: 1}
$data merge entity $(bone_left_arm) {transformation: [-0.9494f,-0.0518f,0.3099f,0.309f,-0.0515f,0.9986f,0.0093f,1.3667f,-0.3099f,-0.0071f,-0.9507f,0.1117f,0f,0f,0f,1f],start_interpolation: 0,interpolation_duration: 1}
$data merge entity $(bone_right_arm) {transformation: [-0.9661f,0.0156f,0.2577f,-0.3065f,0.0484f,0.9914f,0.1213f,1.3779f,-0.2536f,0.1296f,-0.9586f,0.0037f,0f,0f,0f,1f],start_interpolation: 0,interpolation_duration: 1}
$data merge entity $(bone_cone) {transformation: [-0.954f,0.0171f,0.2992f,0.0023f,-0.0081f,0.9965f,-0.0827f,1.9324f,-0.2996f,-0.0813f,-0.9506f,0.1096f,0f,0f,0f,1f],start_interpolation: 0,interpolation_duration: 1}
$data merge entity $(bone_bucket) {transformation: [-0.9962f,0.002f,0.0873f,0.0015f,0.01f,0.9957f,0.0918f,1.4968f,-0.0867f,0.0923f,-0.9919f,0.0692f,0f,0f,0f,1f],start_interpolation: 0,interpolation_duration: 1}
$data merge entity $(bone_head) {transformation: [-0.9962f,0.002f,0.0873f,0.0015f,0.01f,0.9957f,0.0918f,1.4968f,-0.0867f,0.0923f,-0.9919f,0.0692f,0f,0f,0f,1f],start_interpolation: 0,interpolation_duration: 1}