# This file was generated by Animated Java via MC-Build. It is not recommended to edit this file directly.
$data merge entity $(bone_left_leg) {transformation: [-1f,0f,0f,0.1188f,0f,0.9744f,0.225f,0.7188f,0f,0.225f,-0.9744f,0.0125f,0f,0f,0f,1f],start_interpolation: 0,interpolation_duration: 1}
$data merge entity $(bone_body) {transformation: [-0.9781f,0.0021f,0.2081f,0.0008f,0.0214f,0.9957f,0.0905f,1.1234f,-0.207f,0.093f,-0.9739f,0.0349f,0f,0f,0f,1f],start_interpolation: 0,interpolation_duration: 1}
$data merge entity $(bone_left_arm) {transformation: [-0.9438f,-0.0542f,0.3262f,0.307f,-0.0487f,0.9985f,0.0248f,1.3656f,-0.327f,0.0075f,-0.945f,0.1228f,0f,0f,0f,1f],start_interpolation: 0,interpolation_duration: 1}
$data merge entity $(bone_right_arm) {transformation: [-0.9615f,0.0214f,0.2741f,-0.3043f,0.0488f,0.9944f,0.0936f,1.379f,-0.2706f,0.1034f,-0.9571f,-0.0066f,0f,0f,0f,1f],start_interpolation: 0,interpolation_duration: 1}
$data merge entity $(bone_cone) {transformation: [-0.9487f,0.0203f,0.3155f,0.0025f,-0.0062f,0.9966f,-0.0827f,1.9324f,-0.3161f,-0.0804f,-0.9453f,0.1104f,0f,0f,0f,1f],start_interpolation: 0,interpolation_duration: 1}
$data merge entity $(bone_bucket) {transformation: [-0.9945f,0.0021f,0.1047f,0.0016f,0.0118f,0.9957f,0.0923f,1.4967f,-0.104f,0.093f,-0.9902f,0.0697f,0f,0f,0f,1f],start_interpolation: 0,interpolation_duration: 1}
$data merge entity $(bone_head) {transformation: [-0.9945f,0.0021f,0.1047f,0.0016f,0.0118f,0.9957f,0.0923f,1.4967f,-0.104f,0.093f,-0.9902f,0.0697f,0f,0f,0f,1f],start_interpolation: 0,interpolation_duration: 1}