# This file was generated by Animated Java via MC-Build. It is not recommended to edit this file directly.
$data merge entity $(bone_left_leg) {transformation: [-1f,0f,0f,0.1188f,0f,0.9724f,0.2334f,0.7188f,0f,0.2334f,-0.9724f,0.025f,0f,0f,0f,1f],start_interpolation: 0,interpolation_duration: 1}
$data merge entity $(bone_body) {transformation: [-0.9702f,0.0022f,0.2421f,0.0008f,0.0248f,0.9956f,0.0902f,1.1234f,-0.2408f,0.0935f,-0.966f,0.0351f,0f,0f,0f,1f],start_interpolation: 0,interpolation_duration: 1}
$data merge entity $(bone_left_arm) {transformation: [-0.9378f,-0.0571f,0.3423f,0.3046f,-0.0461f,0.9981f,0.0402f,1.3645f,-0.344f,0.022f,-0.9387f,0.1337f,0f,0f,0f,1f],start_interpolation: 0,interpolation_duration: 1}
$data merge entity $(bone_right_arm) {transformation: [-0.9565f,0.028f,0.2903f,-0.3018f,0.0491f,0.9966f,0.0657f,1.38f,-0.2875f,0.0771f,-0.9547f,-0.0168f,0f,0f,0f,1f],start_interpolation: 0,interpolation_duration: 1}
$data merge entity $(bone_cone) {transformation: [-0.9431f,0.0234f,0.3318f,0.0026f,-0.0044f,0.9966f,-0.0827f,1.9323f,-0.3326f,-0.0795f,-0.9397f,0.1111f,0f,0f,0f,1f],start_interpolation: 0,interpolation_duration: 1}
$data merge entity $(bone_bucket) {transformation: [-0.9925f,0.0022f,0.1221f,0.0017f,0.0136f,0.9956f,0.0926f,1.4967f,-0.1213f,0.0935f,-0.9882f,0.0702f,0f,0f,0f,1f],start_interpolation: 0,interpolation_duration: 1}
$data merge entity $(bone_head) {transformation: [-0.9925f,0.0022f,0.1221f,0.0017f,0.0136f,0.9956f,0.0926f,1.4967f,-0.1213f,0.0935f,-0.9882f,0.0702f,0f,0f,0f,1f],start_interpolation: 0,interpolation_duration: 1}