# This file was generated by Animated Java via MC-Build. It is not recommended to edit this file directly.
$data merge entity $(bone_left_leg) {transformation: [-1f,0f,0f,0.1188f,0f,0.9703f,0.2419f,0.7188f,0f,0.2419f,-0.9703f,0.0375f,0f,0f,0f,1f],start_interpolation: 0,interpolation_duration: 1}
$data merge entity $(bone_body) {transformation: [-0.9612f,0.0023f,0.2758f,0.0008f,0.0281f,0.9956f,0.0897f,1.1233f,-0.2744f,0.0939f,-0.957f,0.0352f,0f,0f,0f,1f],start_interpolation: 0,interpolation_duration: 1}
$data merge entity $(bone_left_arm) {transformation: [-0.9316f,-0.0606f,0.3584f,0.3018f,-0.0435f,0.9975f,0.0555f,1.3635f,-0.3609f,0.0361f,-0.9319f,0.1445f,0f,0f,0f,1f],start_interpolation: 0,interpolation_duration: 1}
$data merge entity $(bone_right_arm) {transformation: [-0.9513f,0.0355f,0.3063f,-0.299f,0.0493f,0.9981f,0.0375f,1.381f,-0.3044f,0.0507f,-0.9512f,-0.027f,0f,0f,0f,1f],start_interpolation: 0,interpolation_duration: 1}
$data merge entity $(bone_cone) {transformation: [-0.9371f,0.0264f,0.3479f,0.0027f,-0.0027f,0.9965f,-0.083f,1.9322f,-0.3489f,-0.0787f,-0.9338f,0.1116f,0f,0f,0f,1f],start_interpolation: 0,interpolation_duration: 1}
$data merge entity $(bone_bucket) {transformation: [-0.9902f,0.0023f,0.1394f,0.0017f,0.0153f,0.9956f,0.0927f,1.4967f,-0.1386f,0.0939f,-0.9859f,0.0705f,0f,0f,0f,1f],start_interpolation: 0,interpolation_duration: 1}
$data merge entity $(bone_head) {transformation: [-0.9902f,0.0023f,0.1394f,0.0017f,0.0153f,0.9956f,0.0927f,1.4967f,-0.1386f,0.0939f,-0.9859f,0.0705f,0f,0f,0f,1f],start_interpolation: 0,interpolation_duration: 1}