# This file was generated by Animated Java via MC-Build. It is not recommended to edit this file directly.
$data merge entity $(bone_right_leg) {transformation: [-1f,0f,0f,-0.1187f,0f,0.9786f,0.2058f,0.75f,0f,0.2058f,-0.9786f,-0.0969f,0f,0f,0f,1f],start_interpolation: 0,interpolation_duration: 1}
$data merge entity $(bone_left_leg) {transformation: [-1f,0f,0f,0.1187f,0f,0.9925f,-0.1219f,0.7188f,0f,-0.1219f,-0.9925f,0.15f,0f,0f,0f,1f],start_interpolation: 0,interpolation_duration: 1}
$data merge entity $(bone_body) {transformation: [-0.829f,0.0008f,0.5593f,0.0003f,0.0515f,0.9959f,0.075f,1.1234f,-0.5569f,0.091f,-0.8256f,0.0341f,0f,0f,0f,1f],start_interpolation: 0,interpolation_duration: 1}
$data merge entity $(bone_left_arm) {transformation: [-0.8618f,-0.1157f,0.4938f,0.2595f,-0.0244f,0.982f,0.1874f,1.3563f,-0.5066f,0.1495f,-0.8491f,0.2309f,0f,0f,0f,1f],start_interpolation: 0,interpolation_duration: 1}
$data merge entity $(bone_right_arm) {transformation: [-0.8911f,0.1416f,0.4311f,-0.2586f,0.0465f,0.9736f,-0.2236f,1.3885f,-0.4514f,-0.1792f,-0.8741f,-0.1172f,0f,0f,0f,1f],start_interpolation: 0,interpolation_duration: 1}
$data merge entity $(bone_cone) {transformation: [-0.8713f,0.0515f,0.4881f,0.0009f,0.0077f,0.9958f,-0.0913f,1.9326f,-0.4907f,-0.0758f,-0.868f,0.108f,0f,0f,0f,1f],start_interpolation: 0,interpolation_duration: 1}
$data merge entity $(bone_bucket) {transformation: [-0.9563f,0.0008f,0.2925f,0.0006f,0.0273f,0.9959f,0.0868f,1.4969f,-0.2912f,0.091f,-0.9523f,0.0682f,0f,0f,0f,1f],start_interpolation: 0,interpolation_duration: 1}
$data merge entity $(bone_head) {transformation: [-0.9563f,0.0008f,0.2925f,0.0006f,0.0273f,0.9959f,0.0868f,1.4969f,-0.2912f,0.091f,-0.9523f,0.0682f,0f,0f,0f,1f],start_interpolation: 0,interpolation_duration: 1}