# This file was generated by Animated Java via MC-Build. It is not recommended to edit this file directly.
$data merge entity $(bone_left_leg) {transformation: [-1f,0f,0f,0.1187f,0f,0.9659f,0.2588f,0.7188f,0f,0.2588f,-0.9659f,0.0625f,0f,0f,0f,1f],start_interpolation: 0,interpolation_duration: 1}
$data merge entity $(bone_body) {transformation: [-0.9396f,0.0022f,0.3422f,0.0008f,0.0343f,0.9955f,0.0879f,1.1233f,-0.3405f,0.0943f,-0.9355f,0.0354f,0f,0f,0f,1f],start_interpolation: 0,interpolation_duration: 1}
$data merge entity $(bone_left_arm) {transformation: [-0.9182f,-0.0693f,0.39f,0.295f,-0.0387f,0.9956f,0.0858f,1.3615f,-0.3942f,0.0637f,-0.9168f,0.1654f,0f,0f,0f,1f],start_interpolation: 0,interpolation_duration: 1}
$data merge entity $(bone_right_arm) {transformation: [-0.9399f,0.0531f,0.3372f,-0.2923f,0.0494f,0.9986f,-0.0196f,1.3829f,-0.3378f,-0.0017f,-0.9412f,-0.0475f,0f,0f,0f,1f],start_interpolation: 0,interpolation_duration: 1}
$data merge entity $(bone_cone) {transformation: [-0.9244f,0.0323f,0.38f,0.0026f,0.0004f,0.9965f,-0.0838f,1.9322f,-0.3813f,-0.0774f,-0.9212f,0.112f,0f,0f,0f,1f],start_interpolation: 0,interpolation_duration: 1}
$data merge entity $(bone_bucket) {transformation: [-0.9848f,0.0022f,0.1739f,0.0016f,0.0185f,0.9955f,0.0925f,1.4967f,-0.1729f,0.0943f,-0.9804f,0.0707f,0f,0f,0f,1f],start_interpolation: 0,interpolation_duration: 1}
$data merge entity $(bone_head) {transformation: [-0.9848f,0.0022f,0.1739f,0.0016f,0.0185f,0.9955f,0.0925f,1.4967f,-0.1729f,0.0943f,-0.9804f,0.0707f,0f,0f,0f,1f],start_interpolation: 0,interpolation_duration: 1}