# This file was generated by Animated Java via MC-Build. It is not recommended to edit this file directly.
$data merge entity $(bone_right_leg) {transformation: [-1f,0f,0f,-0.1187f,0f,0.9984f,0.0567f,0.75f,0f,0.0567f,-0.9984f,0.0437f,0f,0f,0f,1f],start_interpolation: 0,interpolation_duration: 1}
$data merge entity $(bone_left_leg) {transformation: [-1f,0f,0f,0.1187f,0f,0.9763f,0.2164f,0.7188f,0f,0.2164f,-0.9763f,0.075f,0f,0f,0f,1f],start_interpolation: 0,interpolation_duration: 1}
$data merge entity $(bone_body) {transformation: [-0.9271f,0.0021f,0.3748f,0.0008f,0.0372f,0.9955f,0.0867f,1.1233f,-0.373f,0.0943f,-0.923f,0.0354f,0f,0f,0f,1f],start_interpolation: 0,interpolation_duration: 1}
$data merge entity $(bone_left_arm) {transformation: [-0.911f,-0.0744f,0.4056f,0.291f,-0.0363f,0.9943f,0.1007f,1.3606f,-0.4107f,0.077f,-0.9085f,0.1755f,0f,0f,0f,1f],start_interpolation: 0,interpolation_duration: 1}
$data merge entity $(bone_right_arm) {transformation: [-0.9338f,0.0632f,0.3521f,-0.2884f,0.0493f,0.9976f,-0.0484f,1.3839f,-0.3544f,-0.0278f,-0.9347f,-0.0576f,0f,0f,0f,1f],start_interpolation: 0,interpolation_duration: 1}
$data merge entity $(bone_cone) {transformation: [-0.9177f,0.0352f,0.3958f,0.0024f,0.0018f,0.9964f,-0.0845f,1.9322f,-0.3973f,-0.0768f,-0.9144f,0.112f,0f,0f,0f,1f],start_interpolation: 0,interpolation_duration: 1}
$data merge entity $(bone_bucket) {transformation: [-0.9816f,0.0021f,0.191f,0.0015f,0.02f,0.9955f,0.0922f,1.4967f,-0.19f,0.0943f,-0.9772f,0.0707f,0f,0f,0f,1f],start_interpolation: 0,interpolation_duration: 1}
$data merge entity $(bone_head) {transformation: [-0.9816f,0.0021f,0.191f,0.0015f,0.02f,0.9955f,0.0922f,1.4967f,-0.19f,0.0943f,-0.9772f,0.0707f,0f,0f,0f,1f],start_interpolation: 0,interpolation_duration: 1}