# This file was generated by Animated Java via MC-Build. It is not recommended to edit this file directly.
$data merge entity $(bone_right_leg) {transformation: [-1f,0f,0f,-0.1187f,0f,0.9976f,0.0698f,0.75f,0f,0.0698f,-0.9976f,0.025f,0f,0f,0f,1f],start_interpolation: 0,interpolation_duration: 1}
$data merge entity $(bone_left_leg) {transformation: [-1f,0f,0f,0.1187f,0f,0.9848f,0.1736f,0.7188f,0f,0.1736f,-0.9848f,0.0875f,0f,0f,0f,1f],start_interpolation: 0,interpolation_duration: 1}
$data merge entity $(bone_body) {transformation: [-0.9134f,0.0019f,0.407f,0.0007f,0.04f,0.9956f,0.0852f,1.1233f,-0.405f,0.0941f,-0.9095f,0.0353f,0f,0f,0f,1f],start_interpolation: 0,interpolation_duration: 1}
$data merge entity $(bone_left_arm) {transformation: [-0.9036f,-0.08f,0.4209f,0.2866f,-0.0341f,0.9927f,0.1155f,1.3597f,-0.4271f,0.09f,-0.8997f,0.1854f,0f,0f,0f,1f],start_interpolation: 0,interpolation_duration: 1}
$data merge entity $(bone_right_arm) {transformation: [-0.9274f,0.0742f,0.3666f,-0.2843f,0.0491f,0.9958f,-0.0773f,1.3847f,-0.3708f,-0.0537f,-0.9271f,-0.0677f,0f,0f,0f,1f],start_interpolation: 0,interpolation_duration: 1}
$data merge entity $(bone_cone) {transformation: [-0.9106f,0.038f,0.4115f,0.0023f,0.0031f,0.9964f,-0.0853f,1.9322f,-0.4132f,-0.0764f,-0.9074f,0.1118f,0f,0f,0f,1f],start_interpolation: 0,interpolation_duration: 1}
$data merge entity $(bone_bucket) {transformation: [-0.9781f,0.0019f,0.2081f,0.0014f,0.0214f,0.9956f,0.0917f,1.4967f,-0.2071f,0.0941f,-0.9738f,0.0706f,0f,0f,0f,1f],start_interpolation: 0,interpolation_duration: 1}
$data merge entity $(bone_head) {transformation: [-0.9781f,0.0019f,0.2081f,0.0014f,0.0214f,0.9956f,0.0917f,1.4967f,-0.2071f,0.0941f,-0.9738f,0.0706f,0f,0f,0f,1f],start_interpolation: 0,interpolation_duration: 1}