# This file was generated by Animated Java via MC-Build. It is not recommended to edit this file directly.
$data merge entity $(bone_right_leg) {transformation: [-1f,0f,0f,-0.1187f,0f,0.9966f,0.0828f,0.75f,0f,0.0828f,-0.9966f,0.0063f,0f,0f,0f,1f],start_interpolation: 0,interpolation_duration: 1}
$data merge entity $(bone_left_leg) {transformation: [-1f,0f,0f,0.1187f,0f,0.9914f,0.1305f,0.7188f,0f,0.1305f,-0.9914f,0.1f,0f,0f,0f,1f],start_interpolation: 0,interpolation_duration: 1}
$data merge entity $(bone_body) {transformation: [-0.8987f,0.0017f,0.4386f,0.0006f,0.0427f,0.9956f,0.0836f,1.1233f,-0.4365f,0.0938f,-0.8948f,0.0352f,0f,0f,0f,1f],start_interpolation: 0,interpolation_duration: 1}
$data merge entity $(bone_left_arm) {transformation: [-0.8958f,-0.0862f,0.436f,0.2819f,-0.032f,0.991f,0.1302f,1.3589f,-0.4433f,0.1027f,-0.8905f,0.195f,0f,0f,0f,1f],start_interpolation: 0,interpolation_duration: 1}
$data merge entity $(bone_right_arm) {transformation: [-0.9207f,0.086f,0.3807f,-0.2798f,0.0488f,0.9931f,-0.1064f,1.3856f,-0.3872f,-0.0794f,-0.9186f,-0.0778f,0f,0f,0f,1f],start_interpolation: 0,interpolation_duration: 1}
$data merge entity $(bone_cone) {transformation: [-0.9033f,0.0408f,0.4271f,0.002f,0.0042f,0.9963f,-0.0862f,1.9323f,-0.429f,-0.0761f,-0.9001f,0.1114f,0f,0f,0f,1f],start_interpolation: 0,interpolation_duration: 1}
$data merge entity $(bone_bucket) {transformation: [-0.9743f,0.0017f,0.2252f,0.0013f,0.0228f,0.9956f,0.091f,1.4967f,-0.224f,0.0938f,-0.9701f,0.0704f,0f,0f,0f,1f],start_interpolation: 0,interpolation_duration: 1}
$data merge entity $(bone_head) {transformation: [-0.9743f,0.0017f,0.2252f,0.0013f,0.0228f,0.9956f,0.091f,1.4967f,-0.224f,0.0938f,-0.9701f,0.0704f,0f,0f,0f,1f],start_interpolation: 0,interpolation_duration: 1}