# This file was generated by Animated Java via MC-Build. It is not recommended to edit this file directly.
$data merge entity $(bone_right_leg) {transformation: [-1f,0f,0f,-0.1187f,0f,0.9954f,0.0958f,0.75f,0f,0.0958f,-0.9954f,-0.0125f,0f,0f,0f,1f],start_interpolation: 0,interpolation_duration: 1}
$data merge entity $(bone_left_leg) {transformation: [-1f,0f,0f,0.1187f,0f,0.9962f,0.0872f,0.7188f,0f,0.0872f,-0.9962f,0.1125f,0f,0f,0f,1f],start_interpolation: 0,interpolation_duration: 1}
$data merge entity $(bone_body) {transformation: [-0.8828f,0.0015f,0.4697f,0.0006f,0.0452f,0.9956f,0.0817f,1.1234f,-0.4675f,0.0933f,-0.8791f,0.035f,0f,0f,0f,1f],start_interpolation: 0,interpolation_duration: 1}
$data merge entity $(bone_left_arm) {transformation: [-0.8878f,-0.0928f,0.4509f,0.2768f,-0.0299f,0.989f,0.1447f,1.3582f,-0.4593f,0.115f,-0.8808f,0.2044f,0f,0f,0f,1f],start_interpolation: 0,interpolation_duration: 1}
$data merge entity $(bone_right_arm) {transformation: [-0.9137f,0.0987f,0.3942f,-0.275f,0.0484f,0.9896f,-0.1356f,1.3864f,-0.4034f,-0.1049f,-0.909f,-0.0878f,0f,0f,0f,1f],start_interpolation: 0,interpolation_duration: 1}
$data merge entity $(bone_cone) {transformation: [-0.8957f,0.0435f,0.4426f,0.0018f,0.0053f,0.9962f,-0.0873f,1.9323f,-0.4447f,-0.0758f,-0.8925f,0.1108f,0f,0f,0f,1f],start_interpolation: 0,interpolation_duration: 1}
$data merge entity $(bone_bucket) {transformation: [-0.9702f,0.0015f,0.2421f,0.0011f,0.024f,0.9956f,0.0902f,1.4967f,-0.241f,0.0933f,-0.966f,0.07f,0f,0f,0f,1f],start_interpolation: 0,interpolation_duration: 1}
$data merge entity $(bone_head) {transformation: [-0.9702f,0.0015f,0.2421f,0.0011f,0.024f,0.9956f,0.0902f,1.4967f,-0.241f,0.0933f,-0.966f,0.07f,0f,0f,0f,1f],start_interpolation: 0,interpolation_duration: 1}