# This file was generated by Animated Java via MC-Build. It is not recommended to edit this file directly.
$data merge entity $(bone_right_leg) {transformation: [-1f,0f,0f,-0.1187f,0f,0.989f,0.1478f,0.75f,0f,0.1478f,-0.989f,-0.0875f,0f,0f,0f,1f],start_interpolation: 0,interpolation_duration: 1}
$data merge entity $(bone_left_leg) {transformation: [-1f,0f,0f,0.1187f,0f,0.9962f,-0.0872f,0.7188f,0f,-0.0872f,-0.9962f,0.1625f,0f,0f,0f,1f],start_interpolation: 0,interpolation_duration: 1}
$data merge entity $(bone_body) {transformation: [-0.809f,0.0005f,0.5879f,0.0002f,0.0532f,0.996f,0.0724f,1.1235f,-0.5855f,0.0899f,-0.8057f,0.0337f,0f,0f,0f,1f],start_interpolation: 0,interpolation_duration: 1}
$data merge entity $(bone_left_arm) {transformation: [-0.8526f,-0.1242f,0.5075f,0.2531f,-0.0228f,0.9792f,0.2014f,1.3558f,-0.522f,0.1602f,-0.8378f,0.2391f,0f,0f,0f,1f],start_interpolation: 0,interpolation_duration: 1}
$data merge entity $(bone_right_arm) {transformation: [-0.883f,0.1574f,0.4422f,-0.2525f,0.0456f,0.9664f,-0.253f,1.3891f,-0.4671f,-0.2032f,-0.8605f,-0.1268f,0f,0f,0f,1f],start_interpolation: 0,interpolation_duration: 1}
$data merge entity $(bone_cone) {transformation: [-0.8626f,0.0542f,0.503f,0.0006f,0.0083f,0.9956f,-0.0929f,1.9327f,-0.5058f,-0.076f,-0.8593f,0.1067f,0f,0f,0f,1f],start_interpolation: 0,interpolation_duration: 1}
$data merge entity $(bone_bucket) {transformation: [-0.951f,0.0005f,0.3091f,0.0004f,0.0282f,0.996f,0.0853f,1.497f,-0.3078f,0.0899f,-0.9472f,0.0674f,0f,0f,0f,1f],start_interpolation: 0,interpolation_duration: 1}
$data merge entity $(bone_head) {transformation: [-0.951f,0.0005f,0.3091f,0.0004f,0.0282f,0.996f,0.0853f,1.497f,-0.3078f,0.0899f,-0.9472f,0.0674f,0f,0f,0f,1f],start_interpolation: 0,interpolation_duration: 1}