# This file was generated by Animated Java via MC-Build. It is not recommended to edit this file directly.
$data merge entity $(bone_right_leg) {transformation: [-1f,0f,0f,-0.1187f,0f,0.9763f,0.2164f,0.75f,0f,0.2164f,-0.9763f,-0.0875f,0f,0f,0f,1f],start_interpolation: 0,interpolation_duration: 1}
$data merge entity $(bone_left_leg) {transformation: [-1f,0f,0f,0.1187f,0f,0.9945f,-0.1045f,0.7188f,0f,-0.1045f,-0.9945f,0.1375f,0f,0f,0f,1f],start_interpolation: 0,interpolation_duration: 1}
$data merge entity $(bone_body) {transformation: [-0.8479f,0.001f,0.5301f,0.0004f,0.0496f,0.9958f,0.0774f,1.1234f,-0.5278f,0.0919f,-0.8444f,0.0345f,0f,0f,0f,1f],start_interpolation: 0,interpolation_duration: 1}
$data merge entity $(bone_left_arm) {transformation: [-0.8708f,-0.1076f,0.4798f,0.2656f,-0.0261f,0.9845f,0.1733f,1.3569f,-0.491f,0.1384f,-0.8601f,0.2224f,0f,0f,0f,1f],start_interpolation: 0,interpolation_duration: 1}
$data merge entity $(bone_right_arm) {transformation: [-0.8989f,0.1265f,0.4194f,-0.2644f,0.0472f,0.9798f,-0.1942f,1.3878f,-0.4355f,-0.1548f,-0.8868f,-0.1075f,0f,0f,0f,1f],start_interpolation: 0,interpolation_duration: 1}
$data merge entity $(bone_cone) {transformation: [-0.8797f,0.0489f,0.4731f,0.0012f,0.007f,0.9959f,-0.0898f,1.9325f,-0.4755f,-0.0757f,-0.8764f,0.1092f,0f,0f,0f,1f],start_interpolation: 0,interpolation_duration: 1}
$data merge entity $(bone_bucket) {transformation: [-0.9612f,0.001f,0.2758f,0.0008f,0.0263f,0.9958f,0.0881f,1.4968f,-0.2746f,0.0919f,-0.9572f,0.0689f,0f,0f,0f,1f],start_interpolation: 0,interpolation_duration: 1}
$data merge entity $(bone_head) {transformation: [-0.9612f,0.001f,0.2758f,0.0008f,0.0263f,0.9958f,0.0881f,1.4968f,-0.2746f,0.0919f,-0.9572f,0.0689f,0f,0f,0f,1f],start_interpolation: 0,interpolation_duration: 1}