# This file was generated by Animated Java via MC-Build. It is not recommended to edit this file directly.
$data merge entity $(bone_right_leg) {transformation: [-1f,0f,0f,-0.1187f,0f,0.9739f,0.2271f,0.75f,0f,0.2271f,-0.9739f,-0.0781f,0f,0f,0f,1f],start_interpolation: 0,interpolation_duration: 1}
$data merge entity $(bone_left_leg) {transformation: [-1f,0f,0f,0.1187f,0f,0.9962f,-0.0872f,0.7188f,0f,-0.0872f,-0.9962f,0.125f,0f,0f,0f,1f],start_interpolation: 0,interpolation_duration: 1}
$data merge entity $(bone_body) {transformation: [-0.8659f,0.0013f,0.5002f,0.0005f,0.0475f,0.9957f,0.0796f,1.1234f,-0.4979f,0.0927f,-0.8622f,0.0348f,0f,0f,0f,1f],start_interpolation: 0,interpolation_duration: 1}
$data merge entity $(bone_left_arm) {transformation: [-0.8794f,-0.1f,0.4655f,0.2714f,-0.028f,0.9869f,0.1591f,1.3575f,-0.4752f,0.1269f,-0.8707f,0.2135f,0f,0f,0f,1f],start_interpolation: 0,interpolation_duration: 1}
$data merge entity $(bone_right_arm) {transformation: [-0.9065f,0.1122f,0.4071f,-0.2698f,0.0479f,0.9851f,-0.1649f,1.3871f,-0.4196f,-0.13f,-0.8984f,-0.0977f,0f,0f,0f,1f],start_interpolation: 0,interpolation_duration: 1}
$data merge entity $(bone_cone) {transformation: [-0.8878f,0.0462f,0.4579f,0.0015f,0.0062f,0.9961f,-0.0885f,1.9324f,-0.4602f,-0.0757f,-0.8846f,0.1101f,0f,0f,0f,1f],start_interpolation: 0,interpolation_duration: 1}
$data merge entity $(bone_bucket) {transformation: [-0.9659f,0.0013f,0.259f,0.0009f,0.0252f,0.9957f,0.0892f,1.4968f,-0.2578f,0.0927f,-0.9617f,0.0695f,0f,0f,0f,1f],start_interpolation: 0,interpolation_duration: 1}
$data merge entity $(bone_head) {transformation: [-0.9659f,0.0013f,0.259f,0.0009f,0.0252f,0.9957f,0.0892f,1.4968f,-0.2578f,0.0927f,-0.9617f,0.0695f,0f,0f,0f,1f],start_interpolation: 0,interpolation_duration: 1}