# This file was generated by Animated Java via MC-Build. It is not recommended to edit this file directly.
$data merge entity $(bone_right_leg) {transformation: [-0.999f,0.0436f,0.001f,-0.1187f,0.0436f,0.9988f,0.0218f,0.75f,0f,0.0218f,-0.9998f,0f,0f,0f,0f,1f],start_interpolation: 0,interpolation_duration: 1}
$data merge entity $(bone_left_leg) {transformation: [-0.999f,-0.0436f,-0.001f,0.1188f,-0.0436f,0.9988f,0.0218f,0.75f,0f,0.0218f,-0.9998f,0f,0f,0f,0f,1f],start_interpolation: 0,interpolation_duration: 1}
$data merge entity $(bone_body) {transformation: [-1f,0f,0f,0f,0f,0.9962f,-0.0872f,1.1236f,0f,-0.0872f,-0.9962f,-0.0327f,0f,0f,0f,1f],start_interpolation: 0,interpolation_duration: 1}
$data merge entity $(bone_left_arm) {transformation: [-0.9914f,-0.1294f,-0.017f,0.3125f,-0.13f,0.9906f,0.0425f,1.3726f,0.0114f,0.0444f,-0.999f,-0.0545f,0f,0f,0f,1f],start_interpolation: 0,interpolation_duration: 1}
$data merge entity $(bone_right_arm) {transformation: [-0.9914f,0.1294f,0.017f,-0.3125f,0.13f,0.9906f,0.0425f,1.3726f,-0.0114f,0.0444f,-0.999f,-0.0545f,0f,0f,0f,1f],start_interpolation: 0,interpolation_duration: 1}
$data merge entity $(bone_cone) {transformation: [-0.9763f,0f,0.2164f,0f,-0.1617f,0.6648f,-0.7293f,1.7202f,-0.1439f,-0.747f,-0.649f,-0.5144f,0f,0f,0f,1f],start_interpolation: 0,interpolation_duration: 1}
$data merge entity $(bone_bucket) {transformation: [-1f,0f,0f,0f,0f,0.7844f,-0.6202f,1.377f,0f,-0.6202f,-0.7844f,-0.2431f,0f,0f,0f,1f],start_interpolation: 0,interpolation_duration: 1}
$data merge entity $(bone_head) {transformation: [-1f,0f,0f,0f,0f,0.7844f,-0.6202f,1.377f,0f,-0.6202f,-0.7844f,-0.2431f,0f,0f,0f,1f],start_interpolation: 0,interpolation_duration: 1}