# This file was generated by Animated Java via MC-Build. It is not recommended to edit this file directly.
$data merge entity $(bone_right_leg) {transformation: [-0.9962f,0.0855f,0.017f,-0.1187f,0.0872f,0.9771f,0.1943f,0.75f,0f,0.1951f,-0.9808f,0f,0f,0f,0f,1f],start_interpolation: 0,interpolation_duration: 1}
$data merge entity $(bone_left_leg) {transformation: [-0.9962f,-0.0855f,-0.017f,0.1188f,-0.0872f,0.9771f,0.1943f,0.75f,0f,0.1951f,-0.9808f,0f,0f,0f,0f,1f],start_interpolation: 0,interpolation_duration: 1}
$data merge entity $(bone_left_arm) {transformation: [-0.9985f,-0.0524f,-0.0129f,0.3125f,-0.0532f,0.996f,0.0714f,1.375f,0.0091f,0.072f,-0.9974f,0f,0f,0f,0f,1f],start_interpolation: 0,interpolation_duration: 1}
$data merge entity $(bone_right_arm) {transformation: [-0.9985f,0.0524f,0.0129f,-0.3125f,0.0532f,0.996f,0.0714f,1.375f,-0.0091f,0.072f,-0.9974f,0f,0f,0f,0f,1f],start_interpolation: 0,interpolation_duration: 1}
$data merge entity $(bone_cone) {transformation: [-0.9763f,0f,0.2164f,0f,0.174f,-0.5948f,0.7848f,0.3492f,0.1287f,0.8039f,0.5807f,-0.7301f,0f,0f,0f,1f],start_interpolation: 0,interpolation_duration: 1}
$data merge entity $(bone_bucket) {transformation: [-1f,0f,0f,0f,0f,-0.7254f,0.6884f,0.6666f,0f,0.6884f,0.7254f,-1.0312f,0f,0f,0f,1f],start_interpolation: 0,interpolation_duration: 1}
$data merge entity $(bone_head) {transformation: [-1f,0f,0f,0f,0f,-0.7254f,0.6884f,0.6666f,0f,0.6884f,0.7254f,-1.0312f,0f,0f,0f,1f],start_interpolation: 0,interpolation_duration: 1}