# This file was generated by Animated Java via MC-Build. It is not recommended to edit this file directly.
$data merge entity $(bone_right_leg) {transformation: [-0.9962f,0.0839f,0.0235f,-0.1187f,0.0872f,0.9594f,0.2683f,0.75f,0f,0.2693f,-0.963f,0f,0f,0f,0f,1f],start_interpolation: 0,interpolation_duration: 1}
$data merge entity $(bone_left_leg) {transformation: [-0.9962f,-0.0839f,-0.0235f,0.1188f,-0.0872f,0.9594f,0.2683f,0.75f,0f,0.2693f,-0.963f,0f,0f,0f,0f,1f],start_interpolation: 0,interpolation_duration: 1}
$data merge entity $(bone_left_arm) {transformation: [-0.9993f,-0.0369f,-0.0087f,0.3125f,-0.0372f,0.9984f,0.0427f,1.375f,0.0071f,0.043f,-0.999f,0f,0f,0f,0f,1f],start_interpolation: 0,interpolation_duration: 1}
$data merge entity $(bone_right_arm) {transformation: [-0.9993f,0.0369f,0.0087f,-0.3125f,0.0372f,0.9984f,0.0427f,1.375f,-0.0071f,0.043f,-0.999f,0f,0f,0f,0f,1f],start_interpolation: 0,interpolation_duration: 1}
$data merge entity $(bone_cone) {transformation: [-0.9763f,0f,0.2164f,0f,0.2102f,-0.2377f,0.9483f,0.473f,0.0514f,0.9713f,0.2321f,-0.7402f,0f,0f,0f,1f],start_interpolation: 0,interpolation_duration: 1}
$data merge entity $(bone_bucket) {transformation: [-1f,0f,0f,0f,0f,-0.4027f,0.9153f,0.6492f,0f,0.9153f,0.4027f,-1.1406f,0f,0f,0f,1f],start_interpolation: 0,interpolation_duration: 1}
$data merge entity $(bone_head) {transformation: [-1f,0f,0f,0f,0f,-0.4027f,0.9153f,0.6492f,0f,0.9153f,0.4027f,-1.1406f,0f,0f,0f,1f],start_interpolation: 0,interpolation_duration: 1}