# This file was generated by Animated Java via MC-Build. It is not recommended to edit this file directly.
$data merge entity $(bone_right_leg) {transformation: [-0.9962f,0.0819f,0.0298f,-0.1187f,0.0872f,0.9361f,0.3407f,0.75f,0f,0.342f,-0.9397f,0f,0f,0f,0f,1f],start_interpolation: 0,interpolation_duration: 1}
$data merge entity $(bone_left_leg) {transformation: [-0.9962f,-0.0819f,-0.0298f,0.1188f,-0.0872f,0.9361f,0.3407f,0.75f,0f,0.342f,-0.9397f,0f,0f,0f,0f,1f],start_interpolation: 0,interpolation_duration: 1}
$data merge entity $(bone_left_arm) {transformation: [-0.9998f,-0.0212f,-0.0055f,0.3125f,-0.0213f,0.9997f,0.0139f,1.375f,0.0052f,0.014f,-0.9999f,0f,0f,0f,0f,1f],start_interpolation: 0,interpolation_duration: 1}
$data merge entity $(bone_right_arm) {transformation: [-0.9998f,0.0212f,0.0055f,-0.3125f,0.0213f,0.9997f,0.0139f,1.375f,-0.0052f,0.014f,-0.9999f,0f,0f,0f,0f,1f],start_interpolation: 0,interpolation_duration: 1}
$data merge entity $(bone_cone) {transformation: [-0.9763f,0f,0.2164f,0f,0.2138f,0.1564f,0.9643f,0.6242f,-0.0339f,0.9877f,-0.1527f,-0.8126f,0f,0f,0f,1f],start_interpolation: 0,interpolation_duration: 1}
$data merge entity $(bone_bucket) {transformation: [-1f,0f,0f,0f,0f,-0.0175f,0.9998f,0.6319f,0f,0.9998f,0.0175f,-1.25f,0f,0f,0f,1f],start_interpolation: 0,interpolation_duration: 1}
$data merge entity $(bone_head) {transformation: [-1f,0f,0f,0f,0f,-0.0175f,0.9998f,0.6319f,0f,0.9998f,0.0175f,-1.25f,0f,0f,0f,1f],start_interpolation: 0,interpolation_duration: 1}