# This file was generated by Animated Java via MC-Build. It is not recommended to edit this file directly.
$data merge entity $(bone_right_leg) {transformation: [-0.9952f,0.0979f,-0.0095f,-0.1187f,0.074f,0.8085f,0.5839f,0.5938f,0.0648f,0.5803f,-0.8118f,0.0156f,0f,0f,0f,1f],start_interpolation: 0,interpolation_duration: 1}
$data merge entity $(bone_left_leg) {transformation: [-0.9953f,-0.0959f,0.0104f,0.1188f,-0.0711f,0.8021f,0.5929f,0.5938f,-0.0651f,0.5894f,-0.8052f,0.0156f,0f,0f,0f,1f],start_interpolation: 0,interpolation_duration: 1}
$data merge entity $(bone_body) {transformation: [-1f,0f,0f,0f,0f,1f,0f,0.9844f,0f,0f,-1f,0f,0f,0f,0f,1f],start_interpolation: 0,interpolation_duration: 1}
$data merge entity $(bone_left_arm) {transformation: [-1f,-0.0054f,-0.0032f,0.3125f,-0.0054f,0.9999f,-0.0151f,1.2344f,0.0032f,-0.0151f,-0.9999f,0f,0f,0f,0f,1f],start_interpolation: 0,interpolation_duration: 1}
$data merge entity $(bone_right_arm) {transformation: [-1f,0.0054f,0.0032f,-0.3125f,0.0054f,0.9999f,-0.0151f,1.2344f,-0.0032f,-0.0151f,-0.9999f,0f,0f,0f,0f,1f],start_interpolation: 0,interpolation_duration: 1}
$data merge entity $(bone_cone) {transformation: [-0.9763f,0f,0.2164f,0f,0.184f,0.5262f,0.8302f,0.636f,-0.1139f,0.8504f,-0.5137f,-0.953f,0f,0f,0f,1f],start_interpolation: 0,interpolation_duration: 1}
$data merge entity $(bone_bucket) {transformation: [-1f,0f,0f,0f,0f,0.3706f,0.9288f,0.4739f,0f,0.9288f,-0.3706f,-1.3594f,0f,0f,0f,1f],start_interpolation: 0,interpolation_duration: 1}
$data merge entity $(bone_head) {transformation: [-1f,0f,0f,0f,0f,0.3706f,0.9288f,0.4739f,0f,0.9288f,-0.3706f,-1.3594f,0f,0f,0f,1f],start_interpolation: 0,interpolation_duration: 1}