# This file was generated by Animated Java via MC-Build. It is not recommended to edit this file directly.
$data merge entity $(bone_right_leg) {transformation: [-0.9897f,0.1389f,-0.0335f,-0.1187f,0.0606f,0.6204f,0.782f,0.4375f,0.1294f,0.7719f,-0.6224f,0.0312f,0f,0f,0f,1f],start_interpolation: 0,interpolation_duration: 1}
$data merge entity $(bone_left_leg) {transformation: [-0.99f,-0.1366f,0.0354f,0.1188f,-0.0548f,0.6033f,0.7956f,0.4375f,-0.13f,0.7857f,-0.6048f,0.0312f,0f,0f,0f,1f],start_interpolation: 0,interpolation_duration: 1}
$data merge entity $(bone_body) {transformation: [-1f,0f,0f,0f,0f,1f,0f,0.8438f,0f,0f,-1f,0f,0f,0f,0f,1f],start_interpolation: 0,interpolation_duration: 1}
$data merge entity $(bone_left_arm) {transformation: [-0.9999f,0.0105f,-0.0018f,0.3125f,0.0106f,0.999f,-0.0441f,1.0938f,0.0013f,-0.0441f,-0.999f,0f,0f,0f,0f,1f],start_interpolation: 0,interpolation_duration: 1}
$data merge entity $(bone_right_arm) {transformation: [-0.9999f,-0.0105f,0.0018f,-0.3125f,-0.0106f,0.999f,-0.0441f,1.0938f,-0.0013f,-0.0441f,-0.999f,0f,0f,0f,0f,1f],start_interpolation: 0,interpolation_duration: 1}
$data merge entity $(bone_cone) {transformation: [-0.9763f,0f,0.2164f,0f,0.1257f,0.8141f,0.5669f,0.6226f,-0.1762f,0.5807f,-0.7948f,-1.1567f,0f,0f,0f,1f],start_interpolation: 0,interpolation_duration: 1}
$data merge entity $(bone_bucket) {transformation: [-1f,0f,0f,0f,0f,0.7009f,0.7133f,0.3159f,0f,0.7133f,-0.7009f,-1.4687f,0f,0f,0f,1f],start_interpolation: 0,interpolation_duration: 1}
$data merge entity $(bone_head) {transformation: [-1f,0f,0f,0f,0f,0.7009f,0.7133f,0.3159f,0f,0.7133f,-0.7009f,-1.4687f,0f,0f,0f,1f],start_interpolation: 0,interpolation_duration: 1}