# This file was generated by Animated Java via MC-Build. It is not recommended to edit this file directly.
$data merge entity $(bone_right_leg) {transformation: [-0.98f,0.1964f,-0.0324f,-0.1187f,0.0471f,0.3869f,0.9209f,0.2813f,0.1934f,0.901f,-0.3884f,0.0469f,0f,0f,0f,1f],start_interpolation: 0,interpolation_duration: 1}
$data merge entity $(bone_left_leg) {transformation: [-0.9802f,-0.1952f,0.0342f,0.1188f,-0.0386f,0.3572f,0.9332f,0.2813f,-0.1943f,0.9134f,-0.3576f,0.0469f,0f,0f,0f,1f],start_interpolation: 0,interpolation_duration: 1}
$data merge entity $(bone_body) {transformation: [-1f,0f,0f,0f,0f,1f,0f,0.7031f,0f,0f,-1f,0f,0f,0f,0f,1f],start_interpolation: 0,interpolation_duration: 1}
$data merge entity $(bone_left_arm) {transformation: [-0.9996f,0.0265f,-0.0013f,0.3125f,0.0265f,0.997f,-0.0731f,0.9531f,-0.0007f,-0.0731f,-0.9973f,0f,0f,0f,0f,1f],start_interpolation: 0,interpolation_duration: 1}
$data merge entity $(bone_right_arm) {transformation: [-0.9996f,-0.0265f,0.0013f,-0.3125f,-0.0265f,0.997f,-0.0731f,0.9531f,0.0007f,-0.0731f,-0.9973f,0f,0f,0f,0f,1f],start_interpolation: 0,interpolation_duration: 1}
$data merge entity $(bone_cone) {transformation: [-0.9763f,0f,0.2164f,0f,0.0478f,0.9753f,0.2155f,0.5614f,-0.2111f,0.2207f,-0.9522f,-1.4089f,0f,0f,0f,1f],start_interpolation: 0,interpolation_duration: 1}
$data merge entity $(bone_bucket) {transformation: [-1f,0f,0f,0f,0f,0.9222f,0.3867f,0.158f,0f,0.3867f,-0.9222f,-1.5781f,0f,0f,0f,1f],start_interpolation: 0,interpolation_duration: 1}
$data merge entity $(bone_head) {transformation: [-1f,0f,0f,0f,0f,0.9222f,0.3867f,0.158f,0f,0.3867f,-0.9222f,-1.5781f,0f,0f,0f,1f],start_interpolation: 0,interpolation_duration: 1}