# This file was generated by Animated Java via MC-Build. It is not recommended to edit this file directly.
$data merge entity $(bone_right_leg) {transformation: [-0.9659f,0.2588f,0f,-0.1187f,0.0338f,0.1261f,0.9914f,0.125f,0.2566f,0.9577f,-0.1305f,0.0625f,0f,0f,0f,1f],start_interpolation: 0,interpolation_duration: 1}
$data merge entity $(bone_left_leg) {transformation: [-0.9659f,-0.2588f,0f,0.1187f,-0.0226f,0.0842f,0.9962f,0.125f,-0.2578f,0.9623f,-0.0872f,0.0625f,0f,0f,0f,1f],start_interpolation: 0,interpolation_duration: 1}
$data merge entity $(bone_body) {transformation: [-1f,0f,0f,0f,0f,1f,0f,0.5625f,0f,0f,-1f,0f,0f,0f,0f,1f],start_interpolation: 0,interpolation_duration: 1}
$data merge entity $(bone_left_arm) {transformation: [-0.9991f,0.0425f,-0.0017f,0.3125f,0.0425f,0.9939f,-0.1021f,0.8125f,-0.0026f,-0.1021f,-0.9948f,0f,0f,0f,0f,1f],start_interpolation: 0,interpolation_duration: 1}
$data merge entity $(bone_right_arm) {transformation: [-0.9991f,-0.0425f,0.0017f,-0.3125f,-0.0425f,0.9939f,-0.1021f,0.8125f,0.0026f,-0.1021f,-0.9948f,0f,0f,0f,0f,1f],start_interpolation: 0,interpolation_duration: 1}
$data merge entity $(bone_cone) {transformation: [-0.9763f,0f,0.2164f,0f,-0.0376f,0.9848f,-0.1695f,0.4375f,-0.2132f,-0.1736f,-0.9615f,-1.6875f,0f,0f,0f,1f],start_interpolation: 0,interpolation_duration: 1}
$data merge entity $(bone_bucket) {transformation: [-1f,0f,0f,0f,0f,1f,0f,0f,0f,0f,-1f,-1.6875f,0f,0f,0f,1f],start_interpolation: 0,interpolation_duration: 1}
$data merge entity $(bone_head) {transformation: [-1f,0f,0f,0f,0f,1f,0f,0f,0f,0f,-1f,-1.6875f,0f,0f,0f,1f],start_interpolation: 0,interpolation_duration: 1}