# This file was generated by Animated Java via MC-Build. It is not recommended to edit this file directly.
$data merge entity $(bone_right_leg) {transformation: [-0.9962f,0.0871f,0.0038f,-0.1187f,0.0872f,0.9952f,0.0435f,0.75f,0f,0.0436f,-0.999f,0f,0f,0f,0f,1f],start_interpolation: 0,interpolation_duration: 1}
$data merge entity $(bone_left_leg) {transformation: [-0.9962f,-0.0871f,-0.0038f,0.1188f,-0.0872f,0.9952f,0.0435f,0.75f,0f,0.0436f,-0.999f,0f,0f,0f,0f,1f],start_interpolation: 0,interpolation_duration: 1}
$data merge entity $(bone_body) {transformation: [-1f,0f,0f,0f,0f,0.9848f,-0.1736f,1.1193f,0f,-0.1736f,-0.9848f,-0.0651f,0f,0f,0f,1f],start_interpolation: 0,interpolation_duration: 1}
$data merge entity $(bone_left_arm) {transformation: [-0.9659f,-0.25f,-0.067f,0.3125f,-0.2549f,0.9638f,0.0785f,1.3655f,0.0449f,0.0929f,-0.9947f,-0.1085f,0f,0f,0f,1f],start_interpolation: 0,interpolation_duration: 1}
$data merge entity $(bone_right_arm) {transformation: [-0.9659f,0.25f,0.067f,-0.3125f,0.2549f,0.9638f,0.0785f,1.3655f,-0.0449f,0.0929f,-0.9947f,-0.1085f,0f,0f,0f,1f],start_interpolation: 0,interpolation_duration: 1}
$data merge entity $(bone_cone) {transformation: [-0.9763f,0f,0.2164f,0f,-0.2161f,0.0581f,-0.9746f,1.3192f,-0.0126f,-0.9983f,-0.0568f,-0.8891f,0f,0f,0f,1f],start_interpolation: 0,interpolation_duration: 1}
$data merge entity $(bone_bucket) {transformation: [-1f,0f,0f,0f,0f,0.2306f,-0.973f,1.2183f,0f,-0.973f,-0.2306f,-0.4634f,0f,0f,0f,1f],start_interpolation: 0,interpolation_duration: 1}
$data merge entity $(bone_head) {transformation: [-1f,0f,0f,0f,0f,0.2306f,-0.973f,1.2183f,0f,-0.973f,-0.2306f,-0.4634f,0f,0f,0f,1f],start_interpolation: 0,interpolation_duration: 1}