# This file was generated by Animated Java via MC-Build. It is not recommended to edit this file directly.
$data merge entity $(bone_body) {transformation: [-1f,0f,0f,0f,0f,0.9932f,-0.1161f,1.1225f,0f,-0.1161f,-0.9932f,-0.0435f,0f,0f,0f,1f],start_interpolation: 0,interpolation_duration: 1}
$data merge entity $(bone_left_arm) {transformation: [-0.9761f,-0.209f,-0.059f,0.3125f,-0.2149f,0.9688f,0.1232f,1.3708f,0.0315f,0.1329f,-0.9906f,-0.0726f,0f,0f,0f,1f],start_interpolation: 0,interpolation_duration: 1}
$data merge entity $(bone_right_arm) {transformation: [-0.9761f,0.209f,0.059f,-0.3125f,0.2149f,0.9688f,0.1232f,1.3708f,-0.0315f,0.1329f,-0.9906f,-0.0726f,0f,0f,0f,1f],start_interpolation: 0,interpolation_duration: 1}
$data merge entity $(bone_cone) {transformation: [-0.9763f,0f,0.2164f,0f,-0.1934f,-0.4488f,-0.8724f,0.9938f,0.0971f,-0.8936f,0.4382f,-1.0286f,0f,0f,0f,1f],start_interpolation: 0,interpolation_duration: 1}
$data merge entity $(bone_bucket) {transformation: [-1f,0f,0f,0f,0f,-0.2868f,-0.958f,1.1192f,0f,-0.958f,0.2868f,-0.6095f,0f,0f,0f,1f],start_interpolation: 0,interpolation_duration: 1}
$data merge entity $(bone_head) {transformation: [-1f,0f,0f,0f,0f,-0.2868f,-0.958f,1.1192f,0f,-0.958f,0.2868f,-0.6095f,0f,0f,0f,1f],start_interpolation: 0,interpolation_duration: 1}