# This file was generated by Animated Java via MC-Build. It is not recommended to edit this file directly.
$data merge entity $(bone_body) {transformation: [-1f,0f,0f,0f,0f,0.9749f,0.2225f,0.5f,0f,0.2225f,-0.9749f,0.0625f,0f,0f,0f,1f],start_interpolation: 0,interpolation_duration: 1}
$data merge entity $(bone_left_arm) {transformation: [-0.9993f,-0.0083f,0.0365f,0.3125f,0f,0.9749f,0.2225f,0.7143f,-0.0374f,0.2224f,-0.9742f,0.0982f,0f,0f,0f,1f],start_interpolation: 0,interpolation_duration: 1}
$data merge entity $(bone_right_arm) {transformation: [-0.9993f,0.0083f,-0.0365f,-0.3125f,0f,0.9749f,0.2225f,0.7143f,0.0374f,0.2224f,-0.9742f,0.0982f,0f,0f,0f,1f],start_interpolation: 0,interpolation_duration: 1}