# This file was generated by Animated Java via MC-Build. It is not recommended to edit this file directly.
$data merge entity $(bone_body) {transformation: [-1f,0f,0f,0f,0f,0.901f,0.4339f,0.4375f,0f,0.4339f,-0.901f,0.125f,0f,0f,0f,1f],start_interpolation: 0,interpolation_duration: 1}
$data merge entity $(bone_left_arm) {transformation: [-0.9972f,-0.0324f,0.0673f,0.3125f,0f,0.901f,0.4339f,0.6161f,-0.0747f,0.4327f,-0.8984f,0.1964f,0f,0f,0f,1f],start_interpolation: 0,interpolation_duration: 1}
$data merge entity $(bone_right_arm) {transformation: [-0.9972f,0.0324f,-0.0673f,-0.3125f,0f,0.901f,0.4339f,0.6161f,0.0747f,0.4327f,-0.8984f,0.1964f,0f,0f,0f,1f],start_interpolation: 0,interpolation_duration: 1}