# This file was generated by Animated Java via MC-Build. It is not recommended to edit this file directly.
$data merge entity $(bone_body) {transformation: [-1f,0f,0f,0f,0f,0.7818f,0.6235f,0.375f,0f,0.6235f,-0.7818f,0.1875f,0f,0f,0f,1f],start_interpolation: 0,interpolation_duration: 1}
$data merge entity $(bone_left_arm) {transformation: [-0.9937f,-0.0698f,0.0875f,0.3125f,0f,0.7818f,0.6235f,0.5179f,-0.112f,0.6196f,-0.7769f,0.2946f,0f,0f,0f,1f],start_interpolation: 0,interpolation_duration: 1}
$data merge entity $(bone_right_arm) {transformation: [-0.9937f,0.0698f,-0.0875f,-0.3125f,0f,0.7818f,0.6235f,0.5179f,0.112f,0.6196f,-0.7769f,0.2946f,0f,0f,0f,1f],start_interpolation: 0,interpolation_duration: 1}