# This file was generated by Animated Java via MC-Build. It is not recommended to edit this file directly.
$data merge entity $(bone_body) {transformation: [-1f,0f,0f,0f,0f,0.6235f,0.7818f,0.3125f,0f,0.7818f,-0.6235f,0.25f,0f,0f,0f,1f],start_interpolation: 0,interpolation_duration: 1}
$data merge entity $(bone_left_arm) {transformation: [-0.9888f,-0.1165f,0.0929f,0.3125f,0f,0.6235f,0.7818f,0.4196f,-0.149f,0.7731f,-0.6165f,0.3929f,0f,0f,0f,1f],start_interpolation: 0,interpolation_duration: 1}
$data merge entity $(bone_right_arm) {transformation: [-0.9888f,0.1165f,-0.0929f,-0.3125f,0f,0.6235f,0.7818f,0.4196f,0.149f,0.7731f,-0.6165f,0.3929f,0f,0f,0f,1f],start_interpolation: 0,interpolation_duration: 1}