# This file was generated by Animated Java via MC-Build. It is not recommended to edit this file directly.
$data merge entity $(bone_body) {transformation: [-1f,0f,0f,0f,0f,0.4339f,0.901f,0.25f,0f,0.901f,-0.4339f,0.3125f,0f,0f,0f,1f],start_interpolation: 0,interpolation_duration: 1}
$data merge entity $(bone_left_arm) {transformation: [-0.9826f,-0.1675f,0.0807f,0.3125f,0f,0.4339f,0.901f,0.3214f,-0.1859f,0.8853f,-0.4263f,0.4911f,0f,0f,0f,1f],start_interpolation: 0,interpolation_duration: 1}
$data merge entity $(bone_right_arm) {transformation: [-0.9826f,0.1675f,-0.0807f,-0.3125f,0f,0.4339f,0.901f,0.3214f,0.1859f,0.8853f,-0.4263f,0.4911f,0f,0f,0f,1f],start_interpolation: 0,interpolation_duration: 1}