# This file was generated by Animated Java via MC-Build. It is not recommended to edit this file directly.
$data merge entity $(bone_body) {transformation: [-1f,0f,0f,0f,0f,0.2225f,0.9749f,0.1875f,0f,0.9749f,-0.2225f,0.375f,0f,0f,0f,1f],start_interpolation: 0,interpolation_duration: 1}
$data merge entity $(bone_left_arm) {transformation: [-0.9749f,-0.2169f,0.0495f,0.3125f,0f,0.2225f,0.9749f,0.2232f,-0.2225f,0.9505f,-0.2169f,0.5893f,0f,0f,0f,1f],start_interpolation: 0,interpolation_duration: 1}
$data merge entity $(bone_right_arm) {transformation: [-0.9749f,0.2169f,-0.0495f,-0.3125f,0f,0.2225f,0.9749f,0.2232f,0.2225f,0.9505f,-0.2169f,0.5893f,0f,0f,0f,1f],start_interpolation: 0,interpolation_duration: 1}