# This file was generated by Animated Java via MC-Build. It is not recommended to edit this file directly.
$data merge entity $(bone_body) {transformation: [-1f,0f,0f,0f,0f,0.9983f,-0.0581f,1.1244f,0f,-0.0581f,-0.9983f,-0.0218f,0f,0f,0f,1f],start_interpolation: 0,interpolation_duration: 1}
$data merge entity $(bone_left_arm) {transformation: [-0.9845f,-0.1675f,-0.0523f,0.3125f,-0.174f,0.9704f,0.1674f,1.3739f,0.0227f,0.1739f,-0.9845f,-0.0363f,0f,0f,0f,1f],start_interpolation: 0,interpolation_duration: 1}
$data merge entity $(bone_right_arm) {transformation: [-0.9845f,0.1675f,0.0523f,-0.3125f,0.174f,0.9704f,0.1674f,1.3739f,-0.0227f,0.1739f,-0.9845f,-0.0363f,0f,0f,0f,1f],start_interpolation: 0,interpolation_duration: 1}
$data merge entity $(bone_cone) {transformation: [-0.9763f,0f,0.2164f,0f,-0.1791f,-0.5616f,-0.8078f,0.7462f,0.1216f,-0.8274f,0.5483f,-0.9728f,0f,0f,0f,1f],start_interpolation: 0,interpolation_duration: 1}
$data merge entity $(bone_bucket) {transformation: [-1f,0f,0f,0f,0f,-0.4094f,-0.9124f,0.9253f,0f,-0.9124f,0.4094f,-0.5737f,0f,0f,0f,1f],start_interpolation: 0,interpolation_duration: 1}
$data merge entity $(bone_head) {transformation: [-1f,0f,0f,0f,0f,-0.4094f,-0.9124f,0.9253f,0f,-0.9124f,0.4094f,-0.5737f,0f,0f,0f,1f],start_interpolation: 0,interpolation_duration: 1}