# This file was generated by Animated Java via MC-Build. It is not recommended to edit this file directly.
$data merge entity $(bone_body) {transformation: [-1f,0f,0f,0f,0f,1f,0f,1.125f,0f,0f,-1f,0f,0f,0f,0f,1f],start_interpolation: 0,interpolation_duration: 1}
$data merge entity $(bone_left_arm) {transformation: [-0.991f,-0.1254f,-0.0468f,0.3125f,-0.1325f,0.9684f,0.2113f,1.375f,0.0189f,0.2156f,-0.9763f,0f,0f,0f,0f,1f],start_interpolation: 0,interpolation_duration: 1}
$data merge entity $(bone_right_arm) {transformation: [-0.991f,0.1254f,0.0468f,-0.3125f,0.1325f,0.9684f,0.2113f,1.375f,-0.0189f,0.2156f,-0.9763f,0f,0f,0f,0f,1f],start_interpolation: 0,interpolation_duration: 1}
$data merge entity $(bone_cone) {transformation: [-0.9763f,0f,0.2164f,0f,-0.1617f,-0.6648f,-0.7293f,0.4995f,0.1439f,-0.747f,0.649f,-0.9349f,0f,0f,0f,1f],start_interpolation: 0,interpolation_duration: 1}
$data merge entity $(bone_bucket) {transformation: [-1f,0f,0f,0f,0f,-0.525f,-0.8511f,0.7292f,0f,-0.8511f,0.525f,-0.5625f,0f,0f,0f,1f],start_interpolation: 0,interpolation_duration: 1}
$data merge entity $(bone_head) {transformation: [-1f,0f,0f,0f,0f,-0.525f,-0.8511f,0.7292f,0f,-0.8511f,0.525f,-0.5625f,0f,0f,0f,1f],start_interpolation: 0,interpolation_duration: 1}