# This file was generated by Animated Java via MC-Build. It is not recommended to edit this file directly.
$data merge entity $(bone_left_arm) {transformation: [-0.993f,-0.1115f,-0.0384f,0.3125f,-0.1167f,0.976f,0.184f,1.375f,0.0169f,0.1872f,-0.9822f,0f,0f,0f,0f,1f],start_interpolation: 0,interpolation_duration: 1}
$data merge entity $(bone_right_arm) {transformation: [-0.993f,0.1115f,0.0384f,-0.3125f,0.1167f,0.976f,0.184f,1.375f,-0.0169f,0.1872f,-0.9822f,0f,0f,0f,0f,1f],start_interpolation: 0,interpolation_duration: 1}
$data merge entity $(bone_cone) {transformation: [-0.9763f,0f,0.2164f,0f,-0.1318f,-0.7934f,-0.5943f,0.2044f,0.1717f,-0.6088f,0.7745f,-0.8851f,0f,0f,0f,1f],start_interpolation: 0,interpolation_duration: 1}
$data merge entity $(bone_bucket) {transformation: [-1f,0f,0f,0f,0f,-0.6756f,-0.7373f,0.5f,0f,-0.7373f,0.6756f,-0.5625f,0f,0f,0f,1f],start_interpolation: 0,interpolation_duration: 1}
$data merge entity $(bone_head) {transformation: [-1f,0f,0f,0f,0f,-0.6756f,-0.7373f,0.5f,0f,-0.7373f,0.6756f,-0.5625f,0f,0f,0f,1f],start_interpolation: 0,interpolation_duration: 1}