# This file was generated by Animated Java via MC-Build. It is not recommended to edit this file directly.
$data merge entity $(bone_left_arm) {transformation: [-0.9948f,-0.0972f,-0.0307f,0.3125f,-0.1009f,0.9825f,0.1563f,1.375f,0.015f,0.1586f,-0.9872f,0f,0f,0f,0f,1f],start_interpolation: 0,interpolation_duration: 1}
$data merge entity $(bone_right_arm) {transformation: [-0.9948f,0.0972f,0.0307f,-0.3125f,0.1009f,0.9825f,0.1563f,1.375f,-0.015f,0.1586f,-0.9872f,0f,0f,0f,0f,1f],start_interpolation: 0,interpolation_duration: 1}
$data merge entity $(bone_cone) {transformation: [-0.9763f,0f,0.2164f,0f,-0.0551f,-0.967f,-0.2486f,0.2033f,0.2093f,-0.2546f,0.9441f,-0.8707f,0f,0f,0f,1f],start_interpolation: 0,interpolation_duration: 1}
$data merge entity $(bone_bucket) {transformation: [-1f,0f,0f,0f,0f,-0.9081f,-0.4187f,0.6006f,0f,-0.4187f,0.9081f,-0.6875f,0f,0f,0f,1f],start_interpolation: 0,interpolation_duration: 1}
$data merge entity $(bone_head) {transformation: [-1f,0f,0f,0f,0f,-0.9081f,-0.4187f,0.6006f,0f,-0.4187f,0.9081f,-0.6875f,0f,0f,0f,1f],start_interpolation: 0,interpolation_duration: 1}