# This file was generated by Animated Java via MC-Build. It is not recommended to edit this file directly.
$data merge entity $(bone_left_arm) {transformation: [-0.9963f,-0.0826f,-0.0239f,0.3125f,-0.085f,0.9881f,0.1283f,1.375f,0.013f,0.1298f,-0.9915f,0f,0f,0f,0f,1f],start_interpolation: 0,interpolation_duration: 1}
$data merge entity $(bone_right_arm) {transformation: [-0.9963f,0.0826f,0.0239f,-0.3125f,0.085f,0.9881f,0.1283f,1.375f,-0.013f,0.1298f,-0.9915f,0f,0f,0f,0f,1f],start_interpolation: 0,interpolation_duration: 1}
$data merge entity $(bone_cone) {transformation: [-0.9763f,0f,0.2164f,0f,0.0301f,-0.9903f,0.1359f,0.264f,0.2143f,0.1392f,0.9668f,-0.8278f,0f,0f,0f,1f],start_interpolation: 0,interpolation_duration: 1}
$data merge entity $(bone_bucket) {transformation: [-1f,0f,0f,0f,0f,-0.9994f,-0.0349f,0.7013f,0f,-0.0349f,0.9994f,-0.8125f,0f,0f,0f,1f],start_interpolation: 0,interpolation_duration: 1}
$data merge entity $(bone_head) {transformation: [-1f,0f,0f,0f,0f,-0.9994f,-0.0349f,0.7013f,0f,-0.0349f,0.9994f,-0.8125f,0f,0f,0f,1f],start_interpolation: 0,interpolation_duration: 1}