# This file was generated by Animated Java via MC-Build. It is not recommended to edit this file directly.
$data merge entity $(bone_right_leg) {transformation: [-0.9962f,0.0865f,0.0104f,-0.1187f,0.0872f,0.989f,0.1192f,0.75f,0f,0.1197f,-0.9928f,0f,0f,0f,0f,1f],start_interpolation: 0,interpolation_duration: 1}
$data merge entity $(bone_left_leg) {transformation: [-0.9962f,-0.0865f,-0.0104f,0.1188f,-0.0872f,0.989f,0.1192f,0.75f,0f,0.1197f,-0.9928f,0f,0f,0f,0f,1f],start_interpolation: 0,interpolation_duration: 1}
$data merge entity $(bone_left_arm) {transformation: [-0.9975f,-0.0676f,-0.0179f,0.3125f,-0.0691f,0.9926f,0.1f,1.375f,0.0111f,0.101f,-0.9948f,0f,0f,0f,0f,1f],start_interpolation: 0,interpolation_duration: 1}
$data merge entity $(bone_right_arm) {transformation: [-0.9975f,0.0676f,0.0179f,-0.3125f,0.0691f,0.9926f,0.1f,1.375f,-0.0111f,0.101f,-0.9948f,0f,0f,0f,0f,1f],start_interpolation: 0,interpolation_duration: 1}
$data merge entity $(bone_cone) {transformation: [-0.9763f,0f,0.2164f,0f,0.1107f,-0.8594f,0.4992f,0.2748f,0.186f,0.5113f,0.839f,-0.7669f,0f,0f,0f,1f],start_interpolation: 0,interpolation_duration: 1}
$data merge entity $(bone_bucket) {transformation: [-1f,0f,0f,0f,0f,-0.9351f,0.3543f,0.6839f,0f,0.3543f,0.9351f,-0.9219f,0f,0f,0f,1f],start_interpolation: 0,interpolation_duration: 1}
$data merge entity $(bone_head) {transformation: [-1f,0f,0f,0f,0f,-0.9351f,0.3543f,0.6839f,0f,0.3543f,0.9351f,-0.9219f,0f,0f,0f,1f],start_interpolation: 0,interpolation_duration: 1}